0 0.28725961538461536 0.609375 0.055288461538461536 0.12980769230769232
0 0.41586538461538464 0.6153846153846154 0.04567307692307692 0.08653846153846154
0 0.4579326923076923 0.625 0.07211538461538461 0.11778846153846154
0 0.734375 0.6826923076923077 0.040865384615384616 0.12980769230769232
0 0.4170673076923077 0.6971153846153846 0.04807692307692308 0.11298076923076923
0 0.6153846153846154 0.765625 0.05048076923076923 0.18028846153846154
0 0.5576923076923077 0.796875 0.06490384615384616 0.22115384615384615
0 0.28125 0.46634615384615385 0.07692307692307693 0.22115384615384615
0 0.18269230769230768 0.5588942307692307 0.06009615384615385 0.10576923076923077
0 0.3605769230769231 0.5817307692307693 0.07692307692307693 0.21153846153846154
0 0.22115384615384615 0.5961538461538461 0.04326923076923077 0.13221153846153846